# Created by Octave 4.0.0, Thu Mar 03 13:49:53 2016 Hora oficial do Brasil <unknown@ASUS>
# name: A
# type: matrix
# rows: 30
# columns: 30
 0.07597723424987517 0.1464962527186688 0.3307009814688173 0.1992318180225927 0.9493301327029079 0.5310722720829617 0.4465665714021922 0.1383765764748533 0.6938410617964725 0.7783567045738921 0.5492577662704924 0.1483152645424957 0.4270386104138688 0.5986399396409657 0.7707751109153382 0.06574606432825573 0.6418050429696296 0.447190259495755 0.02868608827023771 0.2688066978377566 0.9363139110421673 0.8054675021064611 0.172742992042447 0.8881317303513673 0.7181365532309079 0.6063039073596993 0.1912172905612833 0.286079712820053 0.6391220079033942 0.9583003965733716
 0.9767213948343603 0.5265253748855006 0.8453382762742604 0.2889515072967357 0.4438423370877612 0.08521530295281558 0.2319583501192612 0.2913006024749389 0.7372057088067712 0.6982344890065958 0.5420977136736046 0.0458902379292561 0.05390868328686853 0.6164189781565194 0.9530088725948977 0.8918195108471884 0.69681518486032 0.4956312860374756 0.104417059497025 0.6907934757079545 0.9363108609425879 0.6179918974767545 0.4785516283915585 0.861938716003129 0.7033092001985488 0.5998729771694675 0.3865197102122882 0.9437342924349159 0.4314850637389591 0.3665290912423673
 0.7493852998297794 0.3387872339021662 0.7133441591761289 0.8791421479831334 0.2786851108318549 0.04480692018375447 0.934463927409926 0.4688057444999823 0.047134081168053 0.06058846371492203 0.9779004253801501 0.006709176516672732 0.0837345168191244 0.4242501598354803 0.7807260518189413 0.2611441774103945 0.4506614078353927 0.5340984796183722 0.7156304289435136 0.8368566046354369 0.6495428349786444 0.2440409879292471 0.9397895116611212 0.7899941383265212 0.8009313627456981 0.4628206737487444 0.1194418584577287 0.457614600099952 0.9440662284688932 0.08778480414530558
 0.148632531366456 0.3482577315203612 0.7823755236866247 0.9631871927101968 0.5522528607814396 0.4030944175267425 0.1120117230625807 0.6741779339761176 0.49951933020434 0.5954746928523508 0.6268357997920594 0.8934295249364762 0.1104256667874658 0.7018557952039809 0.7933185266452938 0.1120692056483605 0.2171620277342828 0.8874182266293994 0.6916969237410685 0.6065978058220186 0.3346874058691697 0.6360068458523633 0.5500304677856894 0.06711871124025907 0.007197440192863102 0.03566360352002766 0.1387542478018181 0.3764731412931688 0.5866441019859525 0.4406948227200115
 0.6269741862164389 0.9284232021996927 0.419023469590256 0.2961890402607294 0.7172477237062047 0.7047187812795489 0.7077213746187223 0.08800716846379246 0.2460924563092642 0.5118123539655909 0.2334689720696793 0.2387481796980988 0.7322354056757214 0.04822867150181569 0.6688114625256146 0.1493863713133487 0.0842349139239698 0.852938765508349 0.7283935591924978 0.7366497479642143 0.01764086977096118 0.7627910758056149 0.1297424567738671 0.04702827145867665 0.8555161355206189 0.08606752336386662 0.3138670032165162 0.5895139155114525 0.7593456226842122 0.910038385883557
 0.0404144125487849 0.4214954148452866 0.346667758936866 0.8492902720636112 0.8864346261226557 0.4378088206912208 0.7961319132126713 0.7635051071434809 0.6406766560805622 0.9176770492584142 0.8141532360633882 0.5812333470290129 0.4786932426054402 0.8840794517731974 0.9055568902630576 0.5462403286656771 0.3954451625850799 0.7904400610282701 0.9285426376368336 0.8514686861310788 0.0330023866725561 0.03747856355845407 0.06004137166092598 0.8702148773194718 0.2800739152792885 0.1467787367578682 0.3362178093717099 0.4536698091226047 0.8997873925482645 0.9893335547436327
 0.9963202760256046 0.934741290847063 0.2109721378955885 0.9657075446279706 0.1773139534085696 0.4211970365241441 0.7368272281127664 0.1818030733620994 0.09507528743941644 0.7959889698419828 0.0502733316291241 0.836600503898337 0.3298743366597007 0.1769390904419879 0.7094341615541664 0.7564951206386886 0.7745458087461904 0.847443789765034 0.6977723574214517 0.9705835225680217 0.1803143473040033 0.5415945583172522 0.2109668974092242 0.5773724854286734 0.6451314947889988 0.9242765583552293 0.7893545440302053 0.1960142979505182 0.4888886565467171 0.2996536415479692
 0.8396679059208153 0.9951532341098179 0.5857473625918512 0.1105605750806531 0.278357999272315 0.9722768599226989 0.9048055882267744 0.7443802022044441 0.7266035738829162 0.06180275314787957 0.5393687532602602 0.5669135592582577 0.05160208199988707 0.2920807458524158 0.1181118896538567 0.3899410124115455 0.4428941870539821 0.7316660846513003 0.5084830253574456 0.339800169116868 0.9391191960037781 0.3067711315407035 0.1884245822950811 0.9162173314244109 0.1786023616576858 0.6808409756331361 0.9112534089150925 0.8775995461395026 0.1585898251611518 0.894335193167638
 0.6548964109498299 0.1025234675235124 0.7292153572509898 0.9654132690933264 0.6475773115286033 0.2963882928784462 0.0421635896782389 0.9670464911437954 0.9987866594104665 0.4402429459517247 0.5616347164332864 0.0927891794838767 0.5452652412567044 0.1071984660845404 0.8304050414711712 0.5276673557715192 0.9046115682871297 0.6306694908546095 0.863704548541153 0.2628142647333097 0.9981228539269928 0.3631549624482754 0.5822162404620189 0.09190533798265181 0.3486923192041828 0.2956243523658779 0.103563104965808 0.2174558936746689 0.7236064109966812 0.2746774710096225
 0.6689549002990205 0.8897973720182942 0.2391506233609149 0.3662752798447104 0.03491092492505236 0.5529567837126949 0.7622320619342007 0.7388072370624881 0.790228370119593 0.5535013143889492 0.3218270818819747 0.6605118221031256 0.6641250889353827 0.08490305405169156 0.1359974844696027 0.2022214897836548 0.314350954560843 0.04829512838975673 0.1019485402463878 0.1342691061863682 0.315121902781363 0.9110912066099182 0.3536885477595906 0.509788241195691 0.7323257993766262 0.3618734473281864 0.1037815955563996 0.1511346731575131 0.6811200884829338 0.723960678801
 0.9535444772301827 0.1866318762994327 0.811504503987754 0.8269229042434353 0.01492840135288003 0.09793458583985708 0.2172211098479884 0.1262015660753562 0.8336523358255954 0.5621057189943183 0.325015195192814 0.7869479759446936 0.1318199950575565 0.06165654802007219 0.8398630331079087 0.1909529150247786 0.9225918820551963 0.6949182142133553 0.556221020423242 0.01545929413687024 0.702889714751242 0.7284874508059602 0.4846228639751618 0.2382379529381385 0.01791369700709016 0.2939185153730599 0.07174683036849354 0.6016148741031513 0.4549942880243661 0.4660334939249555
 0.4766175867954074 0.618341291023815 0.2348687825089747 0.2187898818227398 0.7475217744180672 0.6688857062158786 0.4728714991194751 0.9621901476510734 0.8160301316238819 0.5440407463602803 0.8962631760041962 0.1194585645774506 0.5086433584458675 0.8636712649950364 0.9454236881549045 0.5841467657098468 0.8107113670322345 0.7270849169170662 0.3708038934624621 0.8701292749775598 0.8717482992744179 0.4419384051354239 0.4214040615016153 0.5921085866398038 0.9783082657354517 0.3218238491728876 0.5436077061965731 0.3915318612560608 0.5293602072357347 0.3757187110672333
 0.3980080288050364 0.2353285557394607 0.1569782899087492 0.3729805388670359 0.7341938687455375 0.2726123630942238 0.5780070452279917 0.06513057592589981 0.989940665165346 0.5061098486439686 0.4584896217683117 0.4184972321923711 0.8744388504185039 0.4610381973751166 0.02231866177651769 0.622619802504593 0.5527554762805739 0.700474127769894 0.03237951423571388 0.4064483752950035 0.8791822325663298 0.9847332937153428 0.5227288895283086 0.9528517341561759 0.159972166619937 0.1103034536456932 0.3952521900056471 0.5755870564217829 0.8480971456486489 0.2936664446944323
 0.5389896721116848 0.4964688563129632 0.6944970193526004 0.6545710879756097 0.1447029013550588 0.6168401362059485 0.2908577127796291 0.1841181486333298 0.9884953699870354 0.9891911100335422 0.9528081313327008 0.7005931686493201 0.9165497995248079 0.1200823180652821 0.6218237471849944 0.4061091137897901 0.687948319190361 0.5167266940471985 0.1479688757562579 0.4371810519481068 0.9770447572164953 0.4134923174836966 0.9773631802379562 0.810889983605608 0.0300163734853433 0.06449657166128069 0.7294208779323984 0.134921769931816 0.1312218690896265 0.760644852706696
 0.9143373576807443 0.3620850599595596 0.8509265294340016 0.7508504007016392 0.1074651843973918 0.4554207934539273 0.2935150770775029 0.5632135548399928 0.717877946356742 0.6190089846680978 0.9052808873028786 0.6978571640466512 0.3647929257997165 0.7984994244159572 0.3663824616980645 0.8494753619745371 0.7189603836582006 0.4067474406617479 0.3555173021913818 0.2452729512565915 0.3933381409315584 0.5573297254134549 0.8068750696754661 0.5551448386909082 0.08211442498802517 0.2848948881509581 0.8217988119991678 0.8886302889059009 0.9712446552363181 0.2792995230892655
 0.1678879791961485 0.4759385721215414 0.7898316829672332 0.05123611265427246 0.09293583411840127 0.9242997659863528 0.8235979574477804 0.6031991758357275 0.8892364736390468 0.4151019444792429 0.5873837750676557 0.04288708430509174 0.4724809131986702 0.4680218228764364 0.00314379581116968 0.8570475339978899 0.136564531646211 0.5267124983028107 0.6524307250909644 0.3981033565466349 0.8630180418002499 0.7724562239375774 0.1747717055810176 0.3376649053549807 0.6949206600581973 0.04063436296624505 0.2141573686091563 0.8690626552870904 0.5248534079511682 0.2921288310909814
 0.5297255107831785 0.3354271584814537 0.01408997365572633 0.5406112139395621 0.4435400298031508 0.1269026243111077 0.3076248611202076 0.7696907021202759 0.03479204064368695 0.2217953946097856 0.007026423053540887 0.2706064168771633 0.8905518184539077 0.08165596362598586 0.1741667109465255 0.5961527166642937 0.4583279683437454 0.4563747207232706 0.8756301824636957 0.2616034464962138 0.04556698264497953 0.07655231011977164 0.821512178280795 0.2020490472168259 0.4268570535412217 0.5621049635073212 0.3217848751607992 0.3620712889894676 0.829967228621257 0.2467670207363299
 0.3813407257906371 0.6457399758890093 0.8008906929351721 0.5787072056357251 0.484985335951796 0.01957121290165957 0.4960774160740557 0.6126338243279643 0.2817105338644751 0.3362404186677313 0.4793651903749422 0.02961387283405919 0.1477917023191885 0.1288164126887557 0.1749222650604184 0.5728070155835666 0.932508708459364 0.996784788793192 0.8011000416496747 0.7610341518660414 0.04358411435729019 0.7798782336002469 0.4373076293477788 0.9823986846465386 0.2423991693612604 0.04495163306980025 0.9918315260309363 0.6204635619449379 0.01291203617899599 0.9417721190282594
 0.1945660840522613 0.233673648015694 0.5112831904076229 0.4921045452543183 0.1968821769199523 0.8243546196419111 0.1845691521609703 0.8735078870643325 0.04929171569379535 0.387443585473136 0.5077990081455268 0.481680817403542 0.7178590945747084 0.4932832965651709 0.1730502900994429 0.1611130298366155 0.487382598238307 0.2007370832389767 0.7659193624592249 0.7155208456560742 0.6888074230528441 0.7080205077956254 0.475274258544936 0.3392681860335421 0.660588252292066 0.5669905781110871 0.5461959890638268 0.1545655801135185 0.7162743089385043 0.6774232447857187
 0.9821234702812937 0.06146875379314935 0.973462720844918 0.8335581997247679 0.6777514213728218 0.438288720490397 0.8914897534826843 0.6695939951687063 0.07400758200643036 0.6563613011572659 0.7843361875581503 0.2408837542764595 0.5657095099406986 0.1616369113259782 0.4461519893411898 0.2704071208307788 0.3974512540030034 0.8260338458909391 0.2468879459578032 0.3956538143150918 0.6635037497080866 0.7621912287294879 0.47656466965561 0.03459225377873713 0.3181875608702521 0.7528989456509896 0.8563530082723375 0.9755706706933198 0.6758805920637057 0.6030092326157842
 0.189410232475768 0.8670825494497978 0.389451690441642 0.4411020352564469 0.8715385396689701 0.3720189802295824 0.9602910304069651 0.4963416523706307 0.5212165167175008 0.7196252009642899 0.06038994565657534 0.08097749431713212 0.7478550814656331 0.9375821214027215 0.2708044204649081 0.5247365684280916 0.1029524604705542 0.4505399363640338 0.7381361282398448 0.6977691225093046 0.2869828618693206 0.0545039839700812 0.7937442688907815 0.153518668151651 0.5284561954652416 0.09126880245015549 0.2094111989600144 0.05584166557133623 0.4852438252018793 0.409654344216751
 0.3130696232775997 0.09590953087288594 0.8408596751206885 0.4194688195830918 0.3719023314192383 0.6767029823402266 0.8256257851987971 0.4002028728577179 0.7460504371583954 0.1130408365994728 0.03907033720755841 0.1598023066253927 0.9322545654779598 0.600238629955036 0.1695554977062679 0.6362568450413481 0.7852160168407348 0.03721999547770442 0.8931365212523796 0.8498731853019249 0.4280203134423087 0.4053005648144728 0.06736822440917893 0.7157363198054629 0.7807394907718503 0.8109090043767599 0.7334475136012935 0.55755194704239 0.3228507886186823 0.7857483851484762
 0.6895524214886291 0.4925542922754144 0.8948803145616044 0.9959639802823398 0.8315783004604415 0.7990741381076345 0.5641317680160188 0.2000400181174961 0.6181233430714949 0.6314649476671045 0.7915799655557153 0.3144136111129859 0.4089275550468119 0.5326808385034952 0.785748889723901 0.1873859851732571 0.9518721845765857 0.6796712885685808 0.9771874304082291 0.9647753630619295 0.3921746807962238 0.6062262719784202 0.363045479622318 0.5034949235623042 0.6185553085226554 0.2000992676525217 0.6696571525964715 0.1020909716375627 0.6475625515728536 0.5549287955150051
 0.4940653694474216 0.8359656684767356 0.3056369427599555 0.8875309195120424 0.7181001400367381 0.8847779116374199 0.4009165757497632 0.5213145248069042 0.1280364799387593 0.8722007527443748 0.004130654637126962 0.2743161017591614 0.741472959979719 0.008144009035388412 0.6404969258843852 0.8921555902428656 0.6772661127562453 0.4482195722948661 0.786636676547393 0.305502178388518 0.4570112162390227 0.2397070763718729 0.4865982713765842 0.7805526333746839 0.01997726637947821 0.05990276581910862 0.3969433691031152 0.5840000656355945 0.3164698168624852 0.002010101283052723
 0.9911968955028573 0.6936363123829385 0.3025761640848602 0.8722841289990115 0.5226143636826391 0.5068069225031627 0.8187659787911035 0.5548106823278741 0.8858021517742293 0.4605787744128139 0.2719665100339778 0.00505129727117164 0.7658418933427815 0.8173575149760002 0.09604938705385939 0.4166124517572619 0.3531132201754277 0.7383011470800137 0.7717845939997721 0.9094610047440246 0.3751418232133458 0.09793276447726133 0.6903617169038061 0.581287980219331 0.09349816363765466 0.6219912096839123 0.3464700069604288 0.7584559699962439 0.2214882794227369 0.1905144946897652
 0.9274413085698173 0.6284899682153257 0.7246767495834272 0.39244373812288 0.8686961875201261 0.4025751452091286 0.4864482791025984 0.1972467149814849 0.5546055566524185 0.2000581983244032 0.3525479771836919 0.3798839679422998 0.4474127338729013 0.2432289517147143 0.9962977127588811 0.7463134318222394 0.01231724569971364 0.5460763274894058 0.7757148498262458 0.3433599113144779 0.5323194015900391 0.8211824310605975 0.727505915236437 0.2367656439307064 0.3271416841374534 0.4281781479032566 0.08923389007199393 0.0007125087532807051 0.4160006296120611 0.05166628583791803
 0.08992123232515241 0.0449034453025942 0.3838379274978639 0.2474149080996748 0.8410605017917566 0.7478043554576976 0.8066607907450147 0.7405246572477846 0.7390665228015615 0.474003542090441 0.7241514647193309 0.7784548282607173 0.2966696066474647 0.3202240843996081 0.2844629930373236 0.5096889453448155 0.3841093975793993 0.3877155837220046 0.1911594137005907 0.1037348499413519 0.04635742192680974 0.2519095034823494 0.09102496518147322 0.8936421812165022 0.9600895815149868 0.4032453023519545 0.094445374216705 0.3754836976711413 0.579385267351222 0.4602509023294539
 0.07882380373131918 0.5467645500749159 0.9569887951961151 0.02199991085956525 0.5771201828434643 0.2754609460994562 0.1986845203531979 0.9832773297921251 0.2064658839034637 0.3254908752348167 0.7307795829367084 0.709628139319028 0.5778293361022934 0.1773547720373889 0.1448214445286197 0.6042685255167065 0.7743306336639714 0.4121392456550942 0.16517287469396 0.8142667487734442 0.3451299749723949 0.254241599230878 0.006264325364049461 0.7911663620429497 0.882268661080051 0.06988746569592579 0.272529136354168 0.8943518149976956 0.4003364997094148 0.08456035618054207
 0.8311676440517118 0.03556224764740583 0.09052748209217092 0.6492241898026898 0.7866814215947479 0.4268174811948997 0.8616650288130264 0.3362854323042677 0.51464793174283 0.8533423853571771 0.4329783081552175 0.5831151785723483 0.6018569535509729 0.6645249685704558 0.8178285126500308 0.7165102164927417 0.7292182546672618 0.6085838465274157 0.07155398395871197 0.3109307545161555 0.9008818416931773 0.771833315256132 0.7007551691391182 0.95495238207376 0.2382206176320484 0.6929536114952235 0.4476501087724999 0.4632540395020282 0.6469553184626154 0.1815725584530247
 0.4118938382326507 0.5854375238827334 0.1520569795963791 0.5225460889291439 0.475063413699763 0.4069057446644944 0.4066877382518437 0.5187054485806886 0.2416336214332322 0.8605424397448187 0.8074259904503547 0.2085045211943308 0.686960816055442 0.04635917400602756 0.6146871279769094 0.4569770470424758 0.2607885168085536 0.6919746970736737 0.9919228368198189 0.9348082057877595 0.7275713180538383 0.7608723508865147 0.5215927333121188 0.8911936518440696 0.9939630597158102 0.178985026596293 0.2062568162863029 0.4847806907950191 0.9643594073042255 0.003216648898302132


