# Created by Octave 4.0.0, Thu Mar 03 13:49:53 2016 Hora oficial do Brasil <unknown@ASUS>
# name: B
# type: matrix
# rows: 30
# columns: 30
 0.9964706866272949 0.7201764456969533 0.8414776857368685 0.2484882210273813 0.1916087080495666 0.349957299235749 0.008011248582576447 0.8268203406144065 0.1334338502000494 0.9434317402858565 0.167888634352421 0.03131503114335059 0.08014630391491166 0.5521497186910518 0.5890388653732679 0.2067216826445005 0.3826187384713286 0.5357276432882937 0.8314024755495051 0.512905799825809 0.3470012817669823 0.4975680005847363 0.2913409050379348 0.1286969438635568 0.01322149585786885 0.4320080669589061 0.4502050905517709 0.9552604734384439 0.9913054620467089 0.4254252155493695
 0.8834789606710194 0.3921334153972642 0.8104220607848046 0.9073352663790183 0.081544549320176 0.4002340372182615 0.3427664857783968 0.7419200180688967 0.9522329125284535 0.21561914515252 0.149142675642741 0.1595115714464794 0.2490087645885412 0.7416164893240536 0.837046100469245 0.6950433450490033 0.3686754770452357 0.4608633680496273 0.7943338406236788 0.5474270475967822 0.3304363631894677 0.005681103612849503 0.4182258758531824 0.04643198827516497 0.3106934896898535 0.6814790575622707 0.3030091704076526 0.7185755722163627 0.8637719611595265 0.07605508833201328
 0.8869118701075974 0.6143878222379384 0.3812774475493251 0.03806767559200123 0.5242258638088455 0.618824617826642 0.3404019513178783 0.9267964818632828 0.9702274352075622 0.8091192086962077 0.5185190292325071 0.5735938162333279 0.3761866952387639 0.5973981649684424 0.8715801844361861 0.9650339772876969 0.774019819833327 0.7697899139118443 0.7795455799578311 0.4516976724823228 0.4638476258553263 0.7684800845544234 0.9859935497777158 0.545266357722304 0.9241091586989942 0.7659286539037284 0.1919655462681215 0.2504174931903214 0.1454148355015148 0.9161420243570897
 0.5158664311681532 0.8232284835617752 0.8181529285040993 0.7179942793180492 0.1688004779857528 0.8001336291250977 0.3765696295313329 0.2051728796837384 0.7921278989505207 0.9768450885003495 0.5676152028267384 0.3331614115789001 0.6686243985494976 0.430148451466745 0.8951266792483252 0.4797780188472741 0.3676901343724611 0.4919814071663294 0.61795517972063 0.04449605282272522 0.03302582465001851 0.8907933498409604 0.002809479782839452 0.756371328100821 0.7520080074955363 0.8052514864807507 0.4128797892151845 0.3224717902012262 0.04448948842863402 0.5009137717773403
 0.8607875426244039 0.8584948826267877 0.8905376078544546 0.9298754577706955 0.637578763485725 0.8929542101950554 0.0369888130924954 0.9855351811916774 0.8570802271272661 0.8526675341526213 0.1909593033855789 0.8702594099157361 0.4370338747188976 0.4556381185298925 0.3145956525008299 0.09544621304851546 0.08051444246546018 0.3766315960744247 0.3698798398759034 0.3502588444753957 0.9121436336937232 0.2820692270326084 0.4260709825389897 0.50950174272936 0.07460097521073665 0.517624580757684 0.626796635447151 0.5398190942546682 0.8945310464464492 0.5883749744811706
 0.8072275080317697 0.568051622352245 0.06274563063363962 0.5855567374375156 0.568633129974038 0.2280905854572611 0.5863235875898619 0.5682609576315458 0.5849201774339547 0.8766464933407845 0.1549179939242557 0.05231146946459068 0.2486073680937265 0.4780979677723196 0.6939195014689382 0.5125747210786719 0.06748619529752602 0.2930516925475129 0.8759488312663677 0.9639703629105778 0.4494899098282031 0.9733212399015787 0.6173540745502805 0.8746853156877731 0.2789240984054882 0.8926280826330883 0.7615339493115421 0.8610576979559025 0.9697012316232315 0.138487374720084
 0.4188212197907875 0.2625053509287338 0.1760273814333123 0.6309736823030637 0.5801139197727168 0.7588470684793533 0.6387360264337889 0.8217509440485826 0.4583685456352913 0.2427649336847355 0.5103794640784192 0.09788348556153308 0.3772667742253706 0.5958287365016487 0.227545286118174 0.3157914730400767 0.4522179941655715 0.0233740179964929 0.5271028525829002 0.1175722981601803 0.5483496674832862 0.3625691979976752 0.7207444671577361 0.8571730656347148 0.547438067229385 0.01423926031367244 0.7443521185138962 0.2616292801420577 0.4436429074545363 0.8541699467246406
 0.671266027868234 0.2819133933920013 0.6540768444694955 0.6311694770331984 0.9306658936863016 0.07173112018251009 0.1374503132733685 0.8344437925771305 0.09977869241010211 0.6067636793094642 0.5518571354910354 0.1135202957853145 0.5237179053990964 0.082948774905845 0.7901102744676016 0.7545622983431127 0.1781384440475408 0.2836826926625761 0.0318546561188862 0.08870378205135669 0.284020257152288 0.0781000470101864 0.7873192509540371 0.426065100547847 0.8114218252587591 0.4040681851915076 0.2166044733460049 0.7063643935780706 0.6262504629920507 0.6565561106179347
 0.9705376323055942 0.1797784885002524 0.9948610349805309 0.1192314046078068 0.1677752027120128 0.2007188062865263 0.1403580917217004 0.1874130228988983 0.5319004798672065 0.3186821857665648 0.05672933947093488 0.7015276546963066 0.4407330469638712 0.4316818091931467 0.6898924203362368 0.7440494208252597 0.9671936337513494 0.2653233711377596 0.6286761917176374 0.5771849679897646 0.06772632953842588 0.6963895871891578 0.1283298066959961 0.287004257119029 0.5843893865550265 0.8754509023931648 0.7891777369470474 0.03812244151864545 0.6034134620306902 0.9489589532475324
 0.4452275283360338 0.1067236440241536 0.3234722670116911 0.8632286988051269 0.1473204443628257 0.3961891667025336 0.9734870931666271 0.5743519599172491 0.157985899059589 0.5609519259511704 0.4424696951837659 0.3474530883259011 0.6286427732483189 0.6006064043384567 0.7757899677081568 0.8916783126157278 0.4244071708435584 0.9823627317286828 0.6201254050010138 0.8743554787311391 0.2651410025403401 0.208420888894831 0.3739077076733041 0.2574354565249325 0.5557757559790097 0.6577788458636303 0.2428405317668105 0.7811714173851445 0.04118450825747182 0.9909641697825123
 0.3828851037263244 0.6116099743243149 0.2477588323635259 0.2185649978458057 0.4784482357724657 0.180799411478838 0.5079464819208139 0.2265637490973876 0.5916426736248438 0.426024960750076 0.7476533608592755 0.03368946248116271 0.3573692872289023 0.1025008879086352 0.4164739353608514 0.1054293073152155 0.7172384729172263 0.5150073772927847 0.02629426862398514 0.9758609239249106 0.371077506798073 0.8209231324714719 0.6694906435922177 0.7399404699382608 0.4477105205513436 0.9060237198218042 0.6518361642068026 0.3061814809442229 0.4082765816915754 0.5609378109720774
 0.1398371517650341 0.299102710276143 0.7625811074950926 0.1564463162644058 0.2761720097774834 0.545947433697767 0.8820985897697837 0.8260755427314564 0.2322317643360908 0.6058974198932202 0.4959007086989319 0.3229067904440395 0.6314339884336015 0.2821373902071145 0.4580511217218735 0.623962386006359 0.9880262879023666 0.7967808426588848 0.1327105054368671 0.2765883540056449 0.8368792003723071 0.1263128142694527 0.776705174338673 0.1123531749935408 0.8873087740482267 0.5488417265941731 0.09624000442035467 0.6021603984296496 0.6410718249338577 0.232322105403808
 0.8944261738573485 0.708646557956137 0.9999859178343867 0.1022962994111862 0.5157040020931052 0.945702214978874 0.2511525727401051 0.5581388777361211 0.8091495499424699 0.6018139788261984 0.6864339199746755 0.5543295621557177 0.04618759388794084 0.9112938480952383 0.1713128855811349 0.4832356566129261 0.8694622078869289 0.5322625579601734 0.3663335635980141 0.4348926793901862 0.5676736189328275 0.5164932508396687 0.8798208446552411 0.1422951724708152 0.7506919695639058 0.397870651793717 0.557496687511839 0.5365671476358257 0.2650795216310255 0.1547689109569001
 0.06210959985837798 0.4605285833849148 0.4567679667841982 0.1276703059690203 0.7263821656632574 0.4328105319434337 0.2050505697692368 0.7166706045271389 0.7894832486217658 0.1320326066154818 0.3271544102353776 0.7771843958695872 0.8847270665516429 0.5900411777078134 0.6462351423011555 0.7603471692672396 0.5572743824381619 0.8269333700016633 0.2454584980090417 0.3634207997775572 0.463624515150781 0.03478814860935046 0.3718190489724237 0.08850937206924452 0.7919956757965269 0.1433362115050995 0.2958235803474266 0.9885852579307983 0.6791047697803153 0.8223001873201079
 0.482099029045881 0.8817258718320307 0.2661942224246952 0.01355566915594901 0.7199716104151586 0.04092000599853933 0.2225125220890034 0.1436817274528245 0.6956818997592844 0.09772040476537129 0.6690060992841456 0.9577132838098963 0.9717413825681996 0.5172455363123851 0.1183118058826347 0.7357917422856746 0.5189374151567884 0.0009613652594029798 0.9672418375658788 0.5031381606921514 0.2599231818096765 0.4181281424009992 0.3571654052427169 0.440538181087356 0.9668500127358621 0.6703346069281224 0.7498257029083132 0.02307372022933567 0.2175222151072738 0.4670861001838416
 0.22129043668488 0.1651081608220775 0.8379055778609028 0.637553092292128 0.3713228117227866 0.9008269492450743 0.6997975053748132 0.9318206506495268 0.7884293627809192 0.6518196601621413 0.3592843069722858 0.4287308549736259 0.3799811504658784 0.6505103369811032 0.0002766874882002446 0.6818938912372737 0.2682832125170865 0.7007228555831957 0.06211948531198667 0.4458479880521888 0.06435405465432824 0.6550208553889447 0.3173209762363318 0.3394006381703279 0.5051265912206238 0.2843158402486834 0.317701986497884 0.2307087494103002 0.8979363962512221 0.4422640616057515
 0.5521999903092616 0.3513339206005715 0.2563601896102612 0.3387029188059044 0.3243643475343415 0.2188820355226447 0.7192704245688237 0.08260008244419241 0.6555613478695143 0.00462651409357111 0.1354369535886478 0.7844558228414077 0.2359746760202469 0.5234373442945663 0.217557029125182 0.4583465143183733 0.3763125033787905 0.2854039392245215 0.4327931864917365 0.3277011166610586 0.880551634722728 0.4317351924691529 0.1959360331696062 0.7067116119345209 0.5633400180560368 0.8618623330427331 0.9714250886104526 0.5091947048955682 0.4491383042180077 0.06205516012556116
 0.9330002356572805 0.1512927068554338 0.5055152184032138 0.6400516362788092 0.6520536400805704 0.7161496942787547 0.8848106463594987 0.6835878167206859 0.255234751891243 0.5965495538389002 0.2792853751344552 0.5253783591149634 0.1639952280354326 0.563343714702447 0.4974029394445393 0.9316339249918065 0.5585828584561957 0.5579340412967529 0.9244306588239561 0.3521837167610708 0.7319345303306476 0.8350220609315157 0.6309763204983835 0.1289746309823508 0.3104306995129424 0.6179654591207422 0.6835915419877888 0.09855560612706597 0.5016575947609512 0.4160263895361881
 0.1333117634381423 0.1881031366167461 0.6139490862549064 0.695331063605223 0.6554764852131465 0.1904084079578702 0.5883479633121228 0.8775591714589002 0.3636508736312427 0.08856108624267538 0.5368170987716803 0.9034447994633353 0.8024688347728881 0.8588304480469692 0.8818567037852567 0.5192628481038195 0.7682186916725712 0.2570451220459133 0.3823354311977576 0.7767135562743646 0.586628640661891 0.9986729494624729 0.6526333204251873 0.7747148634407973 0.9411168732959417 0.1483814250642253 0.1616356806740286 0.04940775280753255 0.485134086364494 0.6970869568492302
 0.4752269584883487 0.3878141076725782 0.8057059660547322 0.6835932026738708 0.4684626299645574 0.8481007264166796 0.3899029460152397 0.9073190978866131 0.5216909572393091 0.5360786609837337 0.4168358290498878 0.6562758633689146 0.1321284473804434 0.7731688728098425 0.5590156724331657 0.03408389797528104 0.6862980827721449 0.3013219928928974 0.9670018399349951 0.8238620552033977 0.9730508593741154 0.4795399114686724 0.04996348475132666 0.7629475232991113 0.4178243490988726 0.03458648367145838 0.6521437967395617 0.8539916873385286 0.1373771963944224 0.2766958506269837
 0.7104992382709683 0.9470042231629172 0.8379061177994992 0.7730826269406957 0.594843285736507 0.7665955522598883 0.71024084053911 0.4984567036672341 0.9053189138776228 0.8515299310264082 0.5929809850987446 0.5336187950167181 0.05903423952839708 0.7470022260671803 0.02352986420957031 0.6895696353134527 0.2992356735051919 0.3389284734499751 0.3944516744301365 0.5107561682155185 0.5808017201918386 0.1321318280626957 0.8118477021666942 0.8228971179521337 0.9114580907085824 0.7165831462186658 0.002178550777387422 0.3439253590456958 0.9312657821043987 0.4039783573002653
 0.6917435004160459 0.7716483307380779 0.9798574207543962 0.7189549802930084 0.242241425322715 0.2530899945082208 0.7418148570673087 0.05521294892081745 0.9923375143155591 0.4646410946157891 0.696205827459957 0.6500973115785544 0.9050907671302673 0.5095679642159723 0.307973444434303 0.9494485608259813 0.396646209651499 0.9997032922733543 0.3214047168167869 0.1034755314027392 0.9007449899041023 0.07481282104127744 0.3638731409737039 0.8601815582322211 0.1807956375295 0.8166228223491553 0.7335362268743487 0.1909934391100307 0.9764980791242186 0.8542288604708045
 0.7423723435459072 0.8570100391923278 0.4335321142521095 0.5884978932323458 0.7614174723234626 0.2872134104323458 0.86699174858979 0.7475886193113365 0.1666898443196596 0.04377318816963231 0.1318132451425523 0.8056017070689333 0.3015023754250544 0.7911467185695776 0.5290069855378922 0.5656707598391048 0.9152305183036078 0.09270799466892703 0.2071823316914841 0.7201466671989365 0.20848861910382 0.764781673608945 0.8710398624156165 0.1485494670598592 0.02744873647168848 0.4147306250053525 0.6635880714910746 0.3533454872898776 0.1740763438108221 0.1921036216310827
 0.1594556905811745 0.7771217043121916 0.09783554210546135 0.238640893761272 0.5063857243334414 0.4432328999592951 0.997093165511999 0.4284607955529908 0.4647433530461935 0.8646878199946763 0.3506984245915652 0.007867813603772134 0.9602273785550338 0.05587344009257005 0.322354482300284 0.6798779443786658 0.2312238859812445 0.1726107849434698 0.5778171428233946 0.1889811136664752 0.5644965983826865 0.98478846816376 0.3662490823308861 0.458341708868952 0.6310986147931893 0.7797285960849728 0.8228152626207706 0.06881395207153378 0.2664474421602676 0.2273998813627109
 0.7833267620948673 0.5594446363935787 0.6589340585106095 0.6995970840010673 0.4294280405831015 0.5199198793923691 0.2662026395357904 0.916232684057525 0.1960896674998946 0.05604685886914433 0.1979433070862339 0.6017592384982934 0.6703267742666265 0.4532767123499298 0.9483652160547805 0.2543425328962809 0.2827540350275097 0.4479497086874275 0.6234155359274557 0.09271183789152342 0.7507201772590489 0.8307163246175936 0.2835905847010766 0.7354775332067407 0.4463989714081217 0.5180700104862986 0.03485356173115732 0.8337923860785788 0.8908059319573003 0.7764576231293709
 0.21868839986241 0.9298207826077448 0.02872330281724427 0.6260385744217326 0.6998501460947429 0.1189672976350136 0.08226256033791672 0.8906952360979455 0.6752279371989628 0.3132822807853246 0.2238865571424033 0.9273934677405421 0.001820432889892243 0.9784031259958167 0.7380801063231316 0.651587289382342 0.9307014252587622 0.9410734401141019 0.9188655610184853 0.4437972306671772 0.93801860734205 0.3191351478706875 0.5817958025826174 0.8339495247816063 0.6019765470611741 0.9269624905076344 0.3974980195614551 0.1698362310214146 0.5073087187758324 0.547963301301956
 0.225610232933687 0.170500039988625 0.991816991715727 0.2316476228668781 0.4302085951010161 0.9330872108899581 0.9175539350997531 0.7499916166389001 0.5121249048545002 0.730908867532392 0.142729417523544 0.006089408398346974 0.2253954733531905 0.7652070680340886 0.04882355136721676 0.9091707221061803 0.9746934062044862 0.3909194336664071 0.1794729772632904 0.2261517378732131 0.1852040620341909 0.4618035443949766 0.6088490671821257 0.6684037633645064 0.5440364670951064 0.1237491830892963 0.4824844609888374 0.2968921217494555 0.5688325920974391 0.6853009092077875
 0.4722753613839374 0.5448526787806519 0.7044480713038505 0.09325342186172307 0.7449438276716351 0.6770049410969411 0.1456935672048774 0.7048322640416214 0.1841058930809936 0.9391131296763583 0.6272515728909148 0.3640645943609717 0.2317488969607859 0.6271752312973822 0.5881572627387498 0.8097310167753766 0.08050969840233206 0.7320731893634151 0.6189268103855576 0.0781073743363581 0.5399194479008874 0.3016297779529901 0.5368168344256701 0.5166687132224487 0.5883799078625952 0.4587342472581937 0.877582968045817 0.2059500086294965 0.7081330360044134 0.2848935872876274
 0.5134570225648826 0.03306054689420927 0.2246854143055454 0.4109140462483536 0.2889215327366858 0.5851844696895325 0.1611743782928655 0.5605187591030081 0.9772022476388547 0.2491549904560347 0.06331997932653514 0.3198234996317187 0.625881582027827 0.02047850917752119 0.794030678937299 0.862010689322207 0.4916329077867213 0.1012381761626069 0.4088188954898908 0.1202348462884975 0.8045541972703512 7.129997392933962e-005 0.1649018930350595 0.5319538040575709 0.4819146388226764 0.7671154120325949 0.4256618765612305 0.6283532212445518 0.7212927601764951 0.4940514154708961
 0.01075933417031254 0.4429007574539164 0.5448613546685827 0.9240028188963603 0.02599010973892284 0.4119829230051823 0.9951963934936989 0.9384546467190656 0.8851409905141034 0.3822577967079576 0.02076053293502693 0.14916095924374 0.7258556581884306 0.4527845876463927 0.9668298339789805 0.4043470688419512 0.6475281105784133 0.4951616521221801 0.5166158951189718 0.5970206751964178 0.9620202708024003 0.1604360990986266 0.8251032482113758 0.02240220125143537 0.8541621369643293 0.5897299239021335 0.644424675505108 0.5907527248449806 0.6756452311141776 0.8819513387843861


