    8.937554997732625E-01
    8.952429656340227E-01
    8.967304314947829E-01
    8.982178973555431E-01
    9.000000000000000E-01
    9.000000029296152E-01
    9.000005577570401E-01
    9.005088425815733E-01
    9.020246866444677E-01
    9.035405307073621E-01
    9.050563747702565E-01
    9.065722188331509E-01
    9.080880628960453E-01
    9.100000000000000E-01
    9.100000045197461E-01
    9.104163223672151E-01
    9.108326447344303E-01
    9.116186574286090E-01
    9.124046701227878E-01
    9.131906828169666E-01
    9.144176165604094E-01
    9.156445503038523E-01
    9.178480101589859E-01
    9.200000000000000E-01
    9.200000045442435E-01
    9.203469620545970E-01
    9.206939241091939E-01
    9.214234951231447E-01
    9.221530661370955E-01
    9.228826371510462E-01
    9.240156433509749E-01
    9.251486495509035E-01
    9.270407744679567E-01
    9.289328993850100E-01
    9.300000000000000E-01
    9.300000045686095E-01
    9.303168963555402E-01
    9.306337927110803E-01
    9.313739407182940E-01
    9.321140887255078E-01
    9.328542367327216E-01
    9.339669876043246E-01
    9.356834822589264E-01
    9.373999769135282E-01
    9.400000000000001E-01
    9.400000045928464E-01
    9.403072536465803E-01
    9.406145072931605E-01
    9.414537738577828E-01
    9.422930404224051E-01
    9.431323069870274E-01
    9.439715735516497E-01
    9.456934200764875E-01
    9.493207910583111E-01
    9.500000000000001E-01
    9.500000046169560E-01
    9.503133562893560E-01
    9.506267125787119E-01
    9.513811314859089E-01
    9.521355503931058E-01
    9.528899693003028E-01
    9.540778704949811E-01
    9.563541838502146E-01
    9.586304972054482E-01
    9.600000000000000E-01
    9.600000046409403E-01
    9.603370572727091E-01
    9.606741145454183E-01
    9.614172446518124E-01
    9.621603747582066E-01
    9.629035048646007E-01
    9.642004666243599E-01
    9.681385671251634E-01
    9.700000000000000E-01
    9.700000046648013E-01
    9.703889915173471E-01
    9.707779830346943E-01
    9.715782947631983E-01
    9.723786064917024E-01
    9.731789182202064E-01
    9.747930540264109E-01
    9.774289368138341E-01
    9.800000000000000E-01
    9.800000046885409E-01
    9.800010826519423E-01
    9.804178535788219E-01
    9.820044880409636E-01
    9.835911225031053E-01
    9.851777569652470E-01
    9.876343013173732E-01
    9.900000000000000E-01
    9.900000034763160E-01
    9.900006877470952E-01
    9.909082435148938E-01
    9.924737606020765E-01
    9.940392776892591E-01
    9.956047947764418E-01
    9.971703118636245E-01
    9.987358289508071E-01
    1.000000000000000E+00
