    5.348216069899574E-02
    1.527399586534236E-02
   -2.277226829737308E-02
   -6.058853340569945E-02
   -1.054188518461070E-01
   -1.054189252457440E-01
   -1.054328245214119E-01
   -1.181176678070429E-01
   -1.556144170791788E-01
   -1.927782556313782E-01
   -2.291290940478878E-01
   -2.648303459638086E-01
   -2.997758756808169E-01
   -3.425798226038559E-01
   -3.425799223210068E-01
   -3.516926198876258E-01
   -3.608054171714901E-01
   -3.776173626260036E-01
   -3.943233624574756E-01
   -4.106526583566323E-01
   -4.356263777401556E-01
   -4.598365269561360E-01
   -5.013068956493295E-01
   -5.392534284502752E-01
   -5.392535057771289E-01
   -5.450857983466191E-01
   -5.509181682429559E-01
   -5.627421337620223E-01
   -5.744227672991555E-01
   -5.856623433532064E-01
   -6.025282373586597E-01
   -6.185528311713525E-01
   -6.434651083114478E-01
   -6.658923035265373E-01
   -6.774326753710379E-01
   -6.774327231669843E-01
   -6.806765466475544E-01
   -6.839204179240383E-01
   -6.909956530940677E-01
   -6.978805084536543E-01
   -7.042360794526061E-01
   -7.131264400684689E-01
   -7.250661300079773E-01
   -7.348006953558613E-01
   -7.453306641020846E-01
   -7.453306782806075E-01
   -7.462079290432303E-01
   -7.470851939843258E-01
   -7.488610669072484E-01
   -7.503537437520656E-01
   -7.511380088923911E-01
   -7.514509709370953E-01
   -7.504956499997033E-01
   -7.413176385236409E-01
   -7.385223559019282E-01
   -7.385223357536943E-01
   -7.370838564702807E-01
   -7.356453570386146E-01
   -7.316686039557976E-01
   -7.274904406721212E-01
   -7.227736995367373E-01
   -7.146289098698646E-01
   -6.962998677580301E-01
   -6.746187654047517E-01
   -6.599268885469588E-01
   -6.599268367097409E-01
   -6.560914515570502E-01
   -6.522560145671809E-01
   -6.433501959181306E-01
   -6.342897123054215E-01
   -6.247898247115118E-01
   -6.075217315882441E-01
   -5.496399557980352E-01
   -5.194718387954320E-01
   -5.194717609968135E-01
   -5.129143575545403E-01
   -5.063568763136252E-01
   -4.924647995603641E-01
   -4.784514748269223E-01
   -4.640750438107838E-01
   -4.343634273068865E-01
   -3.839139397061697E-01
   -3.325313738712233E-01
   -3.325312782376553E-01
   -3.325092857417101E-01
   -3.239625813974015E-01
   -2.910231979223950E-01
   -2.576814966195207E-01
   -2.236888240015403E-01
   -1.705581460888442E-01
   -1.187784987429573E-01
   -1.187784222354330E-01
   -1.187633608845185E-01
   -9.876275189550898E-02
   -6.426206447890896E-02
   -2.970390713850538E-02
    4.728921747386091E-03
    3.896877845533431E-02
    7.294605730962661E-02
    1.001131853646454E-01
