 Vetor Forca -  Plotar x=[0 0.25 0.5 0.75 1.0] versus Solucao=[s5 s29 s6 s35 s4]
 
            0.000000 
            0.000000 
   -262778079.706980 
   -234768036.005458 
            0.000000 
            0.000000 
            0.000000 
            0.000000 
            0.000000 
            0.000000 
       520963.386112 
       995659.664095 
            0.000000 
            0.000000 
            0.000000 
   -158957716.981552 
     -1561376.191207 
            0.000000 
            0.000000 
            0.000000 
            0.000000 
            0.000000 
            0.000000 
            0.000000 
       275469.106886 
   -141555253.821295 
            0.000000 
            0.000000 
            0.000000 
            0.000000 
            0.000000 
            0.000000 
            0.000000 
            0.000000 
      -239188.694413 
            0.000000 
            0.000000 
