# Created by Octave 4.0.0, Sat Mar 19 20:14:58 2016 Hora oficial do Brasil <unknown@ASUS>
# name: S
# type: matrix
# rows: 30
# columns: 31
 17.55308519668029 0.6041905937496255 0.9744445685253101 0.2564501709392522 0.09447988583793847 0.5369696309581058 0.7609443653040088 0.08931871391022221 0.2214983946670199 0.2526161417467744 0.09595199248797952 0.9271110234457464 0.4971387478871696 0.7573251130877503 0.9463902075135394 0.1865770736173916 0.8037127354126766 0.6667840381506598 0.3957586945056099 0.9644489591838398 0.3846078984742878 0.1674926656733028 0.5406753677344883 0.4803483542693379 0.2983953710929237 0.6411655837760165 0.5330628315595888 0.6836006274448679 0.1077003671357946 0.850123725936082 0.0787642208765779
 0.01519006962499807 13.75488990150851 0.4627379946401939 0.9068988190402054 0.8514691898528512 0.6999962952811117 0.7044637168290674 0.9202549544358121 0.8698307341924155 0.8926019258704128 0.7919666788600456 0.01025043871701696 0.3149522544339891 0.345453641580989 0.9530233279991572 0.8675006131236966 0.3961187226204563 0.4489434509615747 0.5077934066952627 0.7898097330380121 0.3590323884355494 0.6447383896886903 0.04581675123898103 0.9826226146494365 0.4448037520375082 0.7692482129044294 0.6297687298219758 0.8138281348499619 0.3278313312719611 0.501440327315713 0.1310214892904046
 0.6256376800898246 0.5153483911292633 13.92670620680762 0.5920656362919753 0.267638826222073 0.5665447344151785 0.0586701544728087 0.7545964850324797 0.3104006598070901 0.1854585019359665 0.4735307526800559 0.5352624924559057 0.946044190555545 0.3327741797858204 0.863226739795558 0.3636513373745596 0.2137784755795953 0.4706027169270524 0.7817186524292069 0.9799380563404482 0.2991266117525402 0.0947933974836294 0.9798437193548373 0.1948526416198926 0.2625720172379789 0.295698110912781 0.9036781719251151 0.3175980052994918 0.594332308129885 0.08507016999058652 0.4432853589972099
 0.8899879226306308 0.8556688956044221 0.6864050177815814 15.14121482552984 0.5948896926541675 0.03320302208406949 0.9947589656225149 0.4875192635973005 0.2406017516734822 0.5477867491689776 0.9043314550029738 0.7265409046067972 0.6480398559628342 0.4381139766521356 0.06347902428106038 0.6156715725479456 0.1986525909438761 0.5214428617038318 0.945958354172834 0.3954801866314474 0.3295839832999627 0.7890335311718915 0.3450328206055681 0.5184739893422263 0.5572159521762067 0.1310157901518321 0.08389823172349724 0.1923747316094487 0.6236717453594135 0.5209048167570893 0.8274255041797658
 0.1348902528180675 0.6164929728645459 0.8448311520386953 0.7373506362128018 16.83257301607747 0.2611750884583943 0.1108895114217401 0.9821352706106545 0.7163903551932241 0.3299746821959104 0.8272144254147528 0.9860202165947421 0.2913158843054124 0.6162106155860129 0.2114061166185613 0.062612143256971 0.9277740696197604 0.04426364992572789 0.0227970852666161 0.887419758230065 0.07799383533793662 0.4243996346259382 0.2948264637504004 0.004521433375446682 0.9913519302554054 0.08733288694159629 0.365581913984711 0.1187841179102114 0.3947992861122006 0.7571261457414761 0.7969092297008311
 0.179838141129441 0.3132017652981149 0.04322894120272662 0.4076153322892461 0.1198411665509693 15.75487965066704 0.3540520761774535 0.796462698286648 0.8335939665075959 0.7615921434769243 0.2431192123848497 0.9424257654609141 0.9915667506504195 0.7596822513416747 0.6829937111995142 0.469135218976359 0.807095296173207 0.7732756104303539 0.7057454274829241 0.2201364347244534 0.2501222969856227 0.6876956851085364 0.926800278707164 0.426937602796602 0.418623106977882 0.3594135336980742 0.05092156233411353 0.3105484218690497 0.7330341496638627 0.161618499410398 0.8996868092022827
 0.7959230079554475 0.1767489582859836 0.9603488556502754 0.2474751990579441 0.3328729103821398 0.5025713951417669 15.85364683667508 0.1374606406152173 0.8058943814127676 0.2730759742481528 0.8523658292903173 0.7596313673884441 0.6715771024574377 0.1385789810517001 0.147926357454542 0.1944302381049937 0.9198383164326667 0.6176570288820028 0.7895568893228119 0.1929973431435083 0.6786702328861388 0.6121305794058728 0.02904052070846057 0.536684785940691 0.6590648324916071 0.3299925348406281 0.07956029632886301 0.9463810054488845 0.1236660599291118 0.9382023049204334 0.9950289631486339
 0.4523877002863907 0.5605870468259473 0.2681445488172166 0.3386158242436823 0.4367711430041158 0.9565243081943725 0.2585026488827618 16.31758870665966 0.4462437725039834 0.5541940516749307 0.7800077796768443 0.1508207133577983 0.969151479462421 0.5771194935688904 0.09636562036949019 0.2257924864256534 0.2119263227310733 0.7429193434462695 0.5045539661192068 0.3534431043074607 0.2460735810871376 0.1936488369443267 0.7444534226485758 0.5193549187292039 0.32435751778117 0.6555394598672951 0.976133738149834 0.06057760501697677 0.6604418112986346 0.8949362861237311 0.8167901218679506
 0.3686282254224515 0.959777994307366 0.9013652084314765 0.6057108881607483 0.06301878677296084 0.5847128093111692 0.7166209345642078 0.7871121910465395 16.49322257365053 0.3692360634174905 0.4345500974169832 0.464655503123157 0.6253037417247511 0.9081281383965653 0.4111683111253562 0.8134613594286952 0.9528173630063282 0.2907330102550975 0.02872074112163952 0.3381035019264071 0.6971329409008534 0.6493799742300574 0.3578500708835902 0.7560120507809291 0.9792285577219177 0.4231875067593622 0.3394987608708928 0.3600889896688282 0.5871577842613561 0.6843798190472721 0.441356026106844
 0.4703903406696704 0.945200355971205 0.3218554800401254 0.5034247064741123 0.56567347087982 0.3095131924698093 0.8018232903107975 0.3202306600051442 0.1432141737965677 14.21686072696783 0.7044357324079449 0.04788089330265526 0.7051313581676638 0.1859024392958532 0.560510452990175 0.9634605408789749 0.8513411797156395 0.6335372158589481 0.7216574963068602 0.7144863760576816 0.3818187836197689 0.7430471566721149 0.9059775963937232 0.6144300292268633 0.2021367479517811 0.1575531392630992 0.7269785041929194 0.3023813417984509 0.3610271621501027 0.7042300001678681 0.3160501997178691
 0.3718101159984142 0.9250661780893793 0.3477997420157523 0.5560537059092709 0.5317216184056978 0.2338274593964684 0.5048246433398219 0.7175495273738089 0.9594651667710071 0.7108479178389197 17.86578900082534 0.8958028990387323 0.3149871158779473 0.8893872426697667 0.07531300980719384 0.365003552816703 0.6438303494322398 0.3040644660677683 0.352861920950083 0.9809348161204189 0.2266533449126075 0.7152948358104054 0.1842575786284825 0.2370456704282836 0.2507736737580237 0.9600661637407942 0.9515897124932133 0.922294550136439 0.5671675698363202 0.0927598909050638 0.1998418886553291
 0.8407472054090939 0.1326967710665263 0.8720664154274856 0.7886018731673381 0.9079313288791494 0.848011534650599 0.8964848257279127 0.5324012265965917 0.2708378510541097 0.9690229093228205 0.5367178195112923 10.97942157617337 0.7607447710701163 0.2736668624015527 0.9369231593985624 0.3041161293829015 0.7315484735369143 0.9335402184655286 0.7560477215530659 0.07220022632621374 0.1168534392994052 0.3523143665949772 0.4083781372488339 0.7195089562716555 0.498758537082363 0.9315601876614267 0.2190705777027658 0.08521892925969525 0.2684835874512735 0.5819447349504325 0.971441353944055
 0.3672364805372133 0.7373652726833769 0.7278481707896525 0.09197749558796013 0.7759609390186121 0.894590740771816 0.9898357781541767 0.2314742183415656 0.09863057313037686 0.4952610999758152 0.4455651354667572 0.4296604870524762 18.20522141081399 0.378436281312751 0.3279102709222422 0.2459605394481246 0.1200862730160353 0.3710657769645584 0.46272366693288 0.9616663781153393 0.9863684366434164 0.9504704870623805 0.6225019201848343 0.4017853349313326 0.1163895530601313 0.063576039250599 0.8351199900474583 0.4558264966632049 0.8211547688493381 0.08948985284832305 0.3907350165407542
 0.8035944875880738 0.5410473324494161 0.01182885217502254 0.5391700419190881 0.0009701583532936598 0.4139457506387884 0.8251462386830247 0.3625174942131266 0.1736285040000665 0.4950590189690098 0.6792002068385244 0.1111811508921825 0.8593557039590315 16.5721636445913 0.5358397910682622 0.5224713034916036 0.6753943371154509 0.7733939277808188 0.848341978539954 0.7491285919581172 0.3560510913881151 0.08547305680767996 0.008508032189565574 0.6211116915763544 0.05172447161284292 0.6065254787886629 0.03557953019432684 0.3487101061298962 0.5046525227673849 0.08322714488190823 0.4880583960149302
 0.4649405076797442 0.02620521583204976 0.466915667633856 0.1856765810213838 0.0153401805099042 0.9414334018019888 0.0919009192664219 0.6500259774434447 0.8896955345221561 0.1655105798769335 0.3864989031837044 0.7893919940848544 0.02107596120924631 0.04099532829000445 19.06067324726558 0.6849368040829718 0.7054620586394519 0.7155650944194241 0.2703301449859575 0.5580532221888045 0.8710929988538595 0.2565376816561503 0.1825642901343986 0.4559817923098253 0.8028551708819085 0.113999211719723 0.3758789876464925 0.4271755567025083 0.7153880398907879 0.4455806803267839 0.3369907720687121
 0.5461320231313833 0.3991362460276033 0.6119754462452371 0.9536112623121343 0.9053621379429784 0.8536787077845936 0.1100760953961888 0.2417329363836436 0.0410886240040849 0.0586746773881595 0.9166147455513288 0.01198613515062668 0.1400294239106344 0.631534570053517 0.1439934623777697 14.6493314135314 0.06433090725868611 0.4043117961091262 0.07650901450178853 0.8400038655519245 0.5441285898617807 0.2605491464199319 0.2820745866218269 0.936565024102524 0.03105650523572972 0.5648151128998868 0.408020442321011 0.4988469064389666 0.4969663449408413 0.3836532538400496 0.6572273069271813
 0.5752319602095836 0.7801593874448339 0.7433217780136446 0.404625299721741 0.6775425457832028 0.6857544075784755 0.5672215466137341 0.6355950562178874 0.8760822520920518 0.661117846108396 0.2363196233659313 0.5746990875788047 0.7856616458270995 0.2725575541526055 0.9703240327658084 0.1394349082834423 16.20834360961002 0.328207790849797 0.04577337546201037 0.7118015107929199 0.05057966640671156 0.808012091140202 0.7697174560294803 0.3856154758369245 0.2307999312894073 0.2329966670668444 0.9926318546394755 0.1700259432242143 0.5818015062317897 0.4549641774089002 0.4610128408938817
 0.05194243890363852 0.8707217245613098 0.9335494382163153 0.799598581932317 0.6078919138079466 0.7688698371085934 0.2417521810138447 0.5046427457044231 0.07924206721689923 0.9274710092003394 0.3598914631880583 0.8713216954502181 0.4841868098615652 0.5877543216532147 0.4868269471626692 0.314138783999033 0.9805771875123516 12.66143647611206 0.1266101240776076 0.9818890197077816 0.0853398135172974 0.54553939601379 0.09238677397037258 0.7191725271153611 0.7429429090421581 0.3889300427497996 0.8172693697569968 0.4328841716989334 0.5713300843481346 0.944987469669718 0.1931439934028689
 0.3328454748295338 0.231926521881841 0.9637872147734025 0.6210499365868146 0.5446100858904478 0.5508652317298299 0.3782367708790367 0.5265644619443069 0.7254056611746726 0.3683774345154547 0.6893983249429769 0.9864536776050915 0.8128828899533045 0.1514610014205708 0.1205726682576932 0.1543548437272214 0.07398707419760435 0.6425198997789127 10.39494540453846 0.06196453866802391 0.2821310758064731 0.8625834559775126 0.3626093261221291 0.7093118766087224 0.6850364971339548 0.1853090555791613 0.8353869865975813 0.7201107438716111 0.2570063195437101 0.3651289715255298 0.6904213833592455
 0.8424145940480948 0.93017079690302 0.9146808789698813 0.5190618019534623 0.1609463743197291 0.7575174780920499 0.1152442330555387 0.5812892603025966 0.6474998219250795 0.7821395522264469 0.2661655307724722 0.2348031102973567 0.06670333293734858 0.28749281249356 0.3557456026390213 0.3154195075760644 0.1530500990143619 0.311527544886317 0.9995029642411727 12.89425074759524 0.2916787634121917 0.03069057537611801 0.7941117612025135 0.5290520060035644 0.2225880506613209 0.6665059826008313 0.1994779427409416 0.1571110924442834 0.2067323552922264 0.06978854102510416 0.8919304847765378
 0.05885240632067605 0.1293628924336227 0.4844065264404547 0.4291923243249973 0.5174230181615675 0.4025118996449573 0.8859952324972111 0.7722524061277064 0.04961696922757657 0.380556768768216 0.5152492287213233 0.8144594365874717 0.6760057146616409 0.247961451103562 0.6165613540127051 0.2928524254306504 0.8968289737562484 0.3352858098438196 0.04972691263560362 0.9371384111443855 10.79007408052592 0.9635550701661424 0.8765681891965104 0.4554332527030867 0.2324615299942555 0.9739619734326906 0.4403550849038435 0.2179997597705788 0.06835415657409342 0.09507827963475994 0.7841278196595479
 0.9017584890289431 0.2953656929115483 0.09780580578184177 0.3053077794815355 0.1839772947718993 0.05128180134472664 0.3823008183600327 0.708454848685211 0.6668226156229573 0.7634102686556978 0.2552989787337672 0.8276470541922569 0.2085709896723235 0.009040505860550652 0.1173927637540775 0.4700646788967197 0.9960302437262318 0.9970868959471221 0.1571314290767256 0.4985465053169837 0.2833802156051735 18.02096314989218 0.8211797308754242 0.5061908416643947 0.3794984225598251 0.04968799010802354 0.152769215464912 0.8578108169149813 0.09861130705482905 0.9668138783067635 0.2076151013023913
 0.445262501492836 0.5773828980115538 0.4975350194065117 0.9024973573725078 0.5650997949055031 0.0754067088265971 0.1900614580292817 0.7071593321638449 0.4193076866122397 0.6255919934327989 0.07103426233887115 0.4657966002785579 0.4643549359935076 0.6742867908617008 0.2692509741594377 0.390139262309818 0.5575637701736554 0.3913750448337421 0.915679304877686 0.2034611546713036 0.7884817491315012 0.9942360843136244 15.8572836914411 0.3758197649062144 0.5051212205285811 0.18756290894246 0.5977395411719243 0.1077644229025569 0.2884769251113222 0.372829554737762 0.3354797240154646
 0.6094107769819731 0.8705856494619924 0.9466490646583781 0.01976216227938159 0.964414005396337 0.9177485797932027 0.1875939751144427 0.9192407386597838 0.8890979136517381 0.3994220298426939 0.3675658126188601 0.3178138282671943 0.3432423586228723 0.8290601059577699 0.9461069544832781 0.9630114619840106 0.8082401474326407 0.2292691962606684 0.05128831646841951 0.7641401381990959 0.2882427802781242 0.8540531471179732 0.3062627414028991 17.75888902579744 0.2754871173317785 0.7644426653904367 0.4512367979167528 0.3134767607215033 0.8973059292840999 0.5074581470047771 0.9528954680634204
 0.4042542527712286 0.9659386937861137 0.7021005667272712 0.3094330819154497 0.3082286833417413 0.1506429358354416 0.8825441986695369 0.151493730034942 0.1492226580313012 0.2284166033160932 0.6217892360219121 0.2067306079168912 0.1865482540723939 0.1397785386288943 0.0157586919464449 0.004167562534561564 0.1744114190691943 0.4271457493447389 0.1585575228943574 0.5530785294112914 0.9111566131756785 0.03087462920850252 0.2860219189906889 0.2839086636478417 19.60267966863464 0.7355478235874919 0.507617283968584 0.7901946813170299 0.8153890456136679 0.3865203017643663 0.826422375990119
 0.4472515120120316 0.0977349429969591 0.1878579928183454 0.3208789955144331 0.6837270762094636 0.1318236713646956 0.1302200578060095 0.8643044849127129 0.2748546804126134 0.5271647298989728 0.2640458941609705 0.8815924379668388 0.1201849793767448 0.7123843734637408 0.9189483476361461 0.03789958310261325 0.5358742346305421 0.9490638701445504 0.9526686208433905 0.8397073955758981 0.4568835813374744 0.5252266430687572 0.6886119502901868 0.4900565867191893 0.4437730224776331 17.81868907847477 0.5698511126289967 0.990399029049306 0.2038717488876399 0.3266411673079994 0.892380151016456
 0.8933876861246044 0.9354452066067429 0.6967909764967651 0.7726083396989157 0.7274653905522404 0.743935718971279 0.2879023026112883 0.2115941977790179 0.4381300619065624 0.654289249212175 0.1303999650545319 0.415464110268229 0.3370653051439068 0.251577767761074 0.7165541240117144 0.859777921051593 0.2886656936114642 0.1582266032888638 0.1341130793359709 0.5753331190458686 0.7208811264770811 0.8374723835957829 0.9912535856823222 0.7880842421919706 0.0802334801462266 0.003631796778923379 10.58262079556026 0.04137794727258408 0.3115604502520096 0.5650990355523799 0.9096190543877523
 0.521140468049898 0.5637502650079822 0.5026939196220547 0.08619209263576803 0.3623063041386426 0.5801067638426335 0.7137210632425028 0.6641084186104244 0.3171767301077381 0.2439260578809736 0.9254826516497354 0.5808277164933782 0.4073161256068727 0.01118102965383743 0.3621635619273815 0.4136177890963641 0.9787380006204549 0.2520872196275863 0.7513474709210968 0.9990329117910967 0.8698728629962483 0.6340077060398972 0.9828961558139463 0.2062940671303222 0.02387331626225191 0.8302880139014055 0.4429966480290042 10.99876203061536 0.5545698805781167 0.8038239494600798 0.4264913778248506
 0.1450901600701781 0.8852937755246322 0.07980169147298892 0.5621802088022233 0.6433720577729292 0.2055958352019772 0.2443228974971449 0.4374372666767835 0.7991092760250007 0.09662033690298803 0.3398854153023382 0.6145579098688581 0.6204737670074589 0.605789709193495 0.0186771841727033 0.7628204543663101 0.3015269921426972 0.8081313618406899 0.3306030286375329 0.7985554591454685 0.9215279931284949 0.6969150249627 0.9404965819222556 0.4358400760260751 0.632497105915377 0.3960867594710961 0.902192121922639 0.3624753031652881 13.39055170890349 0.8642956133707497 0.4332050728554789
 0.8817526962761933 0.8810334432425996 0.6588643297692139 0.716430106359617 0.3235674932765043 0.1437897922190516 0.8031462467192795 0.2586137583208916 0.7451906693217578 0.7047390779613627 0.8438307123181709 0.5592115480749936 0.0667614891641151 0.9039174156451555 0.8165289730991927 0.0693415949403801 0.3155090340826704 0.03149468186299824 0.3643385510460203 0.06465533360876401 0.03202574385815841 0.8950399357395159 0.7185286662291306 0.5184736692496316 0.7908186732570921 0.1187346116803704 0.5224998813960411 0.3828147897830378 0.08476067047017614 15.67490293211551 0.7128634258784283


