# Created by Octave 4.0.0, Thu Mar 03 21:35:42 2016 Hora oficial do Brasil <unknown@ASUS>
# name: S
# type: matrix
# rows: 30
# columns: 31
 0.6738873056592317 0.2811129762241636 0.1036152977071276 0.9061642792561996 0.8316309882490469 0.2260923159498598 0.6660292885700427 0.596860848598371 0.5173688112940036 0.6584964331855938 0.01406704998228874 0.651853445018071 0.3935501875463898 0.3262423661477012 0.2025288321262408 0.06597787344860366 0.999671165315533 0.05927410907193768 0.399676828403753 0.6203337652083173 0.6745057766236101 0.7964929967396015 0.5153663331471269 0.8712122851214065 0.6305494390907519 0.7608500641742763 0.5704529084148877 0.4175050446182364 0.6566866854115236 0.691236319439234 0.1819815791377894
 0.4215119318677281 0.23433078104588 0.01836838295383063 0.9640074181520732 0.2953885415148125 0.09981325256708511 0.5903999127777583 0.5100987595676385 0.1924735871574724 0.9222038798210356 0.8980947663784629 0.03547008829260505 0.7144202533700693 0.3473539287054712 0.7890649937901199 0.8827054804053728 0.9143878921397453 0.3582933567030132 0.7107592606938904 0.4329544551871874 0.223939450490219 0.03597041851907527 0.1071484528299081 0.887887241213616 0.5967505263435111 0.972305231480462 0.6830375308263922 0.8712315906819516 0.5834039624686634 0.4139365410327947 0.6776146157080082
 0.5942083173351889 0.5089540227015835 0.1197082929893042 0.4200112974277848 0.316108029507362 0.07954929781870516 0.6678654118500833 0.6877946242323288 0.9491351284678544 0.06529276280147571 0.327445152060119 0.4484140939543034 0.01029524616499615 0.5162673860503401 0.4948185510107223 0.2465913359978367 0.5929481368462272 0.2921835076074407 0.00553369056272206 0.5129844681448152 0.7598126721220162 0.612567320568969 0.302642640054446 0.8271856778739763 0.301561345949001 0.02631606918131984 0.4235831671873562 0.5000024091477715 0.5813988291150619 0.4539408165396711 0.5079664313246192
 0.7641013621462045 0.01090603920026061 0.6656199899216604 0.4038430962166061 0.4314431282713744 0.9923204215753757 0.2302778389175937 0.7794889759787125 0.7626071080905514 0.9989011438711876 0.3732557423114954 0.01399271547801266 0.985824155199582 0.2861772858448594 0.2337218604295555 0.9102396169109614 0.602777953748003 0.2890270104536137 0.3753493157840478 0.6104952129218442 0.6322536532563438 0.3396985452216275 0.01043550727205571 0.5562267061514982 0.2397699985728782 0.52997691394785 0.7077846340868349 0.7156082212364457 0.4503496550168911 0.4508459668645871 0.2411502452263874
 0.6154001513992122 0.08571832588711374 0.6808525947825153 0.8914060480833763 0.1230728146295631 0.02767051315958717 0.809273116064064 0.3334952268460367 0.9597400483978226 0.4306944550621065 0.09699597969205247 0.8417775795768325 0.6476020148358805 0.2538779380454566 0.1107343064987826 0.3501878095451307 0.08383563793008812 0.5915386072420246 0.4126623942687447 0.02742198312400006 0.6501461919804491 0.7867403143531183 0.5194078491577837 0.1007045934456962 0.7264828372891315 0.9083015059965558 0.536275869025863 0.1071145300518793 0.6770050572877085 0.9230790731034529 0.02152575306570308
 0.3548988305862209 0.2880436206190243 0.6273929466821443 0.2189701555307016 0.4078143317658378 0.1490263235309632 0.1890629679005708 0.03732122602391823 0.884071528745918 0.8537508821282482 0.275283252490057 0.7901004837865108 0.4951729041151128 0.544008160757405 0.9366469225699857 0.3597901038203976 0.9674522265596699 0.2845357887724954 0.5268693475550198 0.6609585612631927 0.4374088519180631 0.387690465554499 0.5022076862151286 0.8670922625424226 0.4957093798819074 0.04953320229370832 0.03430888628885458 0.6457701460416269 0.6620763397652383 0.6830113785339641 0.8775516454758314
 0.4607136155766594 0.8944155243037587 0.2687186083336144 0.003729495223985846 0.7106685450751785 0.03185931200424401 0.7903127914893782 0.1809032875505033 0.4326811281180679 0.01304092762028335 0.9417562976919069 0.9781077187024512 0.3839137649691034 0.5168170056132544 0.97733274679789 0.685058059729466 0.811062584947299 0.4584441168292966 0.8277390394683468 0.5000004429189304 0.3576575273250253 0.1747472423561396 0.3286881287880303 0.4794793803507427 0.4049538560156219 0.8844034677084462 0.2035520003762123 0.1094221287683012 0.4659472302518916 0.9028403098918684 0.009524852143803653
 0.7279944281970558 0.1097256339749116 0.3281650404399125 0.2127600292757951 0.7409617039367843 0.3635290508130712 0.07320622651187784 0.1975994758126742 0.9294312429043524 0.3978307720398949 0.9771632910708739 0.3933748249178827 0.2683616729620671 0.3852938658490815 0.2145580620790675 0.9939453159698749 0.6544304988440487 0.4516794309980925 0.2590569753013457 0.3437449810284278 0.03021144944702918 0.2446569174042117 0.07483228713662342 0.7209346421388815 0.4102942765589719 0.0290947279153047 0.8710292794297868 0.8952654207976658 0.01519503675480043 0.7190152943348442 0.8660953306769221
 0.3149448241261283 0.1317690797854745 0.1497548644747287 0.6797322498071788 0.1328046464511841 0.1954643616879481 0.6984944264473147 0.2706556689122916 0.09115305727967531 0.4152670361154441 0.386782528439824 0.1590458772739019 0.8537176436756534 0.2513292940855809 0.320925138109408 0.287414008522046 0.7426929261364851 0.9520278253292244 0.2984262102103385 0.1405225575987383 0.9447536228530116 0.2564786552869979 0.879446011687458 0.5749912849610767 0.4204507014789733 0.6029482899578852 0.3559890746725446 0.2822366998360572 0.543798320648648 0.072516968675902 0.648232810561696
 0.9295082096908331 0.7897123631945688 0.4716732467567352 0.07939135603898022 0.659951005285993 0.8993167327665561 0.5726932225433814 0.3919944189455903 0.1447030927272686 0.6170180978265546 0.4046535246933442 0.2604544762830001 0.7571380270774435 0.2567672109388242 0.1057825141120416 0.002204664031043513 0.49227875932463 0.4962377432698467 0.3069599980392748 0.5525288823018024 0.7849869050397188 0.1827760718589533 0.8020988122835935 0.1507393185329388 0.5243214891664759 0.4069718555778918 0.2702800262402892 0.1451325428840142 0.6525370948363658 0.8371985989442371 0.5182163927419972
 0.8981846118493488 0.2887852158205381 0.2045256508260514 0.3796849659671259 0.7224559020634406 0.09996130756199743 0.4713066340811605 0.6572446823777448 0.04763866881692207 0.9027090427989687 0.5254838012405493 0.9035891831897006 0.6909582409343242 0.7219172492583499 0.2081933785125261 0.8243041654968939 0.05918523884049547 0.8929780504654188 0.5293804711293196 0.5541890439927106 0.9103058363009692 0.7148976234726122 0.8803980436080209 0.9957237370178947 0.1386492637852821 0.2477527204971833 0.9437883121748175 0.3848807603339832 0.6362947490444368 0.5558617444757461 0.1664503232376075
 0.301322292385198 0.03297823900831669 0.8981132421240083 0.1574890854363197 0.1923048324063231 0.4902708405354101 0.08694726107520383 0.669146972745456 0.3109791044468259 0.5774740415740408 0.8674223594352432 0.3199821958432285 0.04006353122635457 0.856165687263069 0.7380334106373538 0.8185241317913481 0.40810107103926 0.004611692099853615 0.05872023677739539 0.1113284431989292 0.04626651367597483 0.7750894075731674 0.4899363460903364 0.1255539980793764 0.2056891195852131 0.8951711055063446 0.2426219086670615 0.954313318589143 0.1991285209382812 0.9049018380485271 0.01564004186265426
 0.8818541967881829 0.2424163664042476 0.8005194007200858 0.5452421370032466 0.6176563650324892 0.2559921015072004 0.9825906485129781 0.001154978989716438 0.5737702569992498 0.1840994738875824 0.8262631107625228 0.966978340272601 0.2033345460211776 0.8034598259835499 0.668235506036589 0.4989785141247888 0.3481855212954312 0.198055119540883 0.6870960745861736 0.3508800061911252 0.02542207551800007 0.8441081968407568 0.1838240691247371 0.4900893134716254 0.7780640304618524 0.4958020913943611 0.9442796319954913 0.9845556173538665 0.003359716420693703 0.5252254455773943 0.3595664308483554
 0.7400277795902825 0.39440251223252 0.4360568371750185 0.5082317867113959 0.5255691918785548 0.4600873342274304 0.7049673854136813 0.6731282621100224 0.2230753911055269 0.5276748891538406 0.4626241565605716 0.4848234854613225 0.005239802116988312 0.0835024539031886 0.3337216394185465 0.787772012359315 0.6632558589634758 0.683139673076624 0.5950115811689261 0.9637721842651511 0.5062008391510426 0.9304478015464629 0.4589709713805002 0.3100206353122332 0.2149547835113808 0.8292350422632359 0.6201477026229804 0.5204125485441987 0.7153782522005728 0.8016210161779826 0.4617295798226006
 0.8251893726777325 0.1636862583784899 0.6342759442327468 0.3167270061143205 0.8506356028188872 0.487401113796658 0.9332949507342405 0.9028879683555213 0.9321482906938277 0.747976795044249 0.3033417888791882 0.114444165107827 0.3005832370162742 0.2255152016873332 0.9537702132612401 0.2438273897832495 0.5772332677557257 0.9390099468969942 0.5253124367833776 0.7159031047335447 0.6298490117866121 0.6519545774429008 0.7093558277633711 0.3486334095366698 0.6952451817726367 0.504284933517099 0.08802930587670325 0.5548192802173666 0.2134618063195809 0.6409572490952018 0.7646929794409254
 0.8182606756216616 0.09993957526761792 0.6040776174064612 0.9696116032754026 0.9657911096661836 0.138607580961819 0.3971660041227787 0.4552713242740481 0.2170083956992104 0.647484004501425 0.03703366475938145 0.9550802475074266 0.02140578222145688 0.4078797985814687 0.1896632361942958 0.8264280799249623 0.5211528288432397 0.314114982916948 0.8141552427509515 0.4846312090255248 0.6634849817431028 0.8505185939899611 0.3863580856255446 0.02614077680949527 0.3908191395154396 0.7078284578299611 0.04662468154272263 0.2092670878380337 0.2662550418941175 0.9615106490948021 0.431029269061895
 0.9117186594854421 0.7679428076650547 0.209479488085355 0.9805976327434145 0.309416491169306 0.8408505480412313 0.8556309712664112 0.1961167245305069 0.9685984079790537 0.7753556277817174 0.9093454740496563 0.7791155779439535 0.7637006953188792 0.1586913415291009 0.5202511323149958 0.6137453867986412 0.05516981304545625 0.7079075055243109 0.6307086425561147 0.3862918929018268 0.9343133409721824 0.5304352019450828 0.9903150339054007 0.5816340905453246 0.8510215491533952 0.4755508754773161 0.8279243617813485 0.4066582452728298 0.4287983950134054 0.4987264591410879 0.8659552180581442
 0.7238463259192728 0.914885011738156 0.380125067791341 0.1996960113241272 0.7885584336555622 0.5328533030259401 0.9455339913585665 0.6265876994200357 0.4962353244249066 0.3035281918160327 0.3069811379514097 0.6501154110702776 0.579635442694696 0.6292918853245443 0.2399380644446595 0.8819772452275642 0.6396105240872287 0.083719332140809 0.04336956072663771 0.7202638098880434 0.4126405677335332 0.2000748189007089 0.4964211103403129 0.9218013031093915 0.5795667090589874 0.3521743146275128 0.5517827982715688 0.6227809849452829 0.2904562981979027 0.8463416225052359 0.736166846210656
 0.7753354344332365 0.8248380179716808 0.6992569042184851 0.9663329751167203 0.8557123224371419 0.3452998298853048 0.2997423822164483 0.7630925307128353 0.499410102562354 0.1159264667953483 0.4800232802783048 0.9481121859330361 0.9915476100238207 0.2798674167436591 0.6043175798875572 0.4797789652755947 0.594243369120079 0.8678728024878141 0.04657039085223695 0.7505333100712336 0.4983902340603089 0.8360007176287384 0.9938082613095439 0.2212964148128694 0.7611822524577222 0.1119195366244689 0.6054669603523837 0.7712411542131076 0.5973572605798996 0.7943687364119431 0.4802999840740372
 0.5410559269604746 0.9214296533112504 0.8378048352154347 0.1092792778256387 0.837718930338574 0.5931635592852414 0.3254406591239176 0.04610577617667615 0.716983179562545 0.1634607134642683 0.968372107116672 0.611625769018477 0.3288759329579949 0.2461301584747703 0.53340373021804 0.9200152158269637 0.8016993707729464 0.4739615239546619 0.5351349998259822 0.1437713466739718 0.6118810598225928 0.4370373194985998 0.5652677687996905 0.6237309436700277 0.9656285889109218 0.6176297077555214 0.521629368138149 0.187436060144604 0.4817693524021996 0.4633164954091871 0.7766488160241789
 0.7452180888365283 0.6093061082651289 0.8408633080101473 0.3825881064600578 0.1062200622462725 0.6323736679692437 0.8739484991774537 0.4024210011044609 0.1162780214215205 0.9303453213078238 0.3065683738533286 0.9844062221336868 0.1446317999624805 0.05961835095870908 0.6546188757303508 0.7042590761562246 0.8063086233306029 0.3667156143477375 0.06874311385603619 0.4502977357793537 0.7827386870831867 0.2467501339396861 0.7306887930194523 0.9731756406032835 0.5102825981337474 0.01777206371635791 0.3020435761723689 0.05754905493106925 0.4942407999655282 0.1312939979335881 0.5586252582381573
 0.3213491263011189 0.3961953594099046 0.6006816860506299 0.7174573345098717 0.348259207721771 0.6878941020024544 0.007718800504405476 0.2483657542091922 0.1931538243276721 0.4330063392019534 0.9559044370926147 0.462684162782443 0.1337044329379682 0.4178416644081821 0.9704959051036537 0.2088077801647989 0.2356067256171917 0.3467779268461241 0.7065744415310315 0.2248917904884627 0.07063809863461838 0.7968175274998204 0.1063885400706486 0.8533716082378074 0.6640051812823256 0.1162295660332896 0.6936445937971542 0.2857061978862332 0.7284343723209157 0.1485451781757826 0.2150701557885434
 0.3918480396530794 0.3084951121412448 0.6060144704992757 0.9866356655292936 0.6214197316135629 0.2496658300303485 0.2240058383297652 0.248576876390837 0.4754954279647226 0.1999308358008852 0.9810610710144976 0.1117777285633036 0.1980965843641641 0.5615059114706913 0.05747778441982614 0.474003277027426 0.9585858637199872 0.4977222592499851 0.4927885358495713 0.9659800706207156 0.5949598065531118 0.5064489155496948 0.6048760676836413 0.8623789684950197 0.2284351321987109 0.1015240259414149 0.6927540106544215 0.1677289921770151 0.9848188765748839 0.6058218864795415 0.8979565658720383
 0.2779438904529972 0.5536764653609185 0.4979006449788976 0.5948528735956123 0.4156002320033045 0.5973688515387834 0.4336402244753898 0.143816390603863 0.8598371703069879 0.1476837432173871 0.04268593696547456 0.9055794737654367 0.5760079474612072 0.3777926595378072 0.9155945081016685 0.7666762963407158 0.6693683159106086 0.9682371317985058 0.1587324412595124 0.5988739247382592 0.3216096254036853 0.2191289662177467 0.4998963389896283 0.3269035663700399 0.06071064829629517 0.4912733644119787 0.3363685646411284 0.003307513226077407 0.9674840859944649 0.2538361007617693 0.1786327031723496
 0.3581236747918486 0.508182791366939 0.2247949508495365 0.8062912081388427 0.2695093480284438 0.7834657903297325 0.7848893815208496 0.446738734158891 0.9648648792067337 0.2473384861211794 0.584134684529565 0.2981822803223454 0.1304280381990364 0.005561799350950403 0.09126761547606181 0.6691366381972612 0.5247893988107354 0.04196922795146101 0.7869262570000661 0.9719776594203341 0.268995129767457 0.08183467767894186 0.4678911303984962 0.158759362975695 0.1315214294875824 0.2067888380404135 0.1012823045758619 0.8993870454187918 0.2358131120419305 0.3250019066330086 0.8715255680137721
 0.8925795768607485 0.8417057971830795 0.7031465312757624 0.9360461244565391 0.3092769839867714 0.3114377624426876 0.9247736590050568 0.8805723241105334 0.1552906018760169 0.8141529778649389 0.704178268216709 0.5459120859372248 0.9047441890782206 0.7174264127933556 0.6717963145393223 0.05021494925262875 0.09748428969256544 0.9889278819534784 0.9637128523191775 0.9341778997359641 0.2946435586369512 0.1229946616615656 0.01781451282595852 0.6750862179037802 0.6739464850458546 0.5616692151675232 0.2450681461460826 0.1979974425576469 0.19083650751528 0.8680736379142655 0.4564606798891306
 0.07933168479635237 0.5786305811206209 0.9784189732186154 0.36958600306562 0.08445064298787901 0.7282991484025009 0.8492363684850047 0.7916711354457935 0.6632868383356672 0.9788851244654302 0.5778962002828633 0.9355586193112748 0.2491371302492588 0.5964184392531424 0.9971489641246245 0.5452848177281261 0.2665641855017282 0.6869793350046364 0.951780545022746 0.4337599416541592 0.6977518597379481 0.8022235646098049 0.8119775511156816 0.9980438126456637 0.1248460634633198 0.2237439426294917 0.7457022622027207 0.5895166318185305 0.3058037712331277 0.1638156719790976 0.1787820913521956
 0.4927366158499348 0.1015970682291621 0.1040605888141429 0.2852005249374105 0.1928424538646779 0.1893886200621414 0.4597054014655002 0.0591408996715878 0.661622176585426 0.2506125733603892 0.09257323154645551 0.4477286388657982 0.8263873593527459 0.2534931181433707 0.2479958312811326 0.1157621304437311 0.653835648694695 0.2512980703746027 0.5421158087882829 0.2208882195399439 0.3910078162199302 0.1524105024289593 0.5307086900786203 0.7407175138504267 0.6888520619691626 0.6156715141360406 0.9391542817450002 0.6143859626601677 0.1371881791615064 0.3870867504515781 0.381645642263724
 0.8484402724338309 0.1834209200527331 0.4902578624782466 0.08625036897244547 0.5183881849758226 0.2398521423191983 0.4791315114226719 0.9414292675285928 0.4175742135888215 0.9624639689736489 0.06984091436766131 0.3471830913711104 0.7882072134692318 0.6878861956247212 0.8361175953689227 0.3696910980955945 0.7707833473647761 0.8885457069523381 0.8625550983264705 0.1702506487993657 0.8062190464565773 0.3861991076604064 0.9465504091200732 0.1221356888661488 0.96573596207014 0.5969851960624132 0.4695489473261305 0.9089815833904822 0.3569429446604438 0.3954994382980102 0.7506638742365912
 0.3779241654405527 0.6003048580197405 0.4831074300199937 0.6070640189929156 0.3176372719654946 0.3948405233044879 0.2816470475327165 0.6551697140380979 0.4530525893153 0.7953880092641349 0.1169596222638553 0.1438061382351793 0.490449370490094 0.5109296425355403 0.3128131008111613 0.06959950262960983 0.223020590407761 0.8579510050175936 0.9235471566072895 0.5337359464671734 0.01176750152510602 0.5958882828532728 0.8209695742235047 0.1684675488411772 0.04636665681251433 0.9180712769524673 0.2214764544899568 0.7946053276096591 0.1883320707161134 0.3855045611036492 0.2487657556910109


